interrupts-in-Linux
===================


            CPU0       CPU1       CPU2       CPU3       CPU4       CPU5       CPU6       CPU7       CPU8       CPU9       CPU10      CPU11      CPU12      CPU13      CPU14      CPU15      CPU16      CPU17      CPU18      CPU19      CPU20      CPU21      CPU22      CPU23
   0:        146          0          0          0          0          0          0          0          0          0          0          0          0          0          0          0          0          0          0          0          0          0          0          0  IR-IO-APIC-edge      timer
   3:          1          0          0          0          0          0          0          0          0          0          0          0          0          0          0          0          0          0          0          0          0          0          0          0  IR-IO-APIC-edge
   4:          1          0          0          0          0          0          0          0          0          0          0          0          0          0          0          0          0          0          0          0          0          0          0          0  IR-IO-APIC-edge
   8:          1          0          0          0          0          0          0          0          0          0          0          0          0          0          0          0          0          0          0          0          0          0          0          0  IR-IO-APIC-edge      rtc0
   9:          0          0          0          0          0          0          0          0          0          0          0          0          0          0          0          0          0          0          0          0          0          0          0          0  IR-IO-APIC-fasteoi   acpi
  10:        247          0          0          0          0          0          0          0          0          0          0          0          0          0          0          0          0          0          0          0          0          0          0          0  IR-IO-APIC-edge      ipmi_si
  22:        230          0          0          0          0          0          0          0          0          0          0          0          0          0          0          0          0          0          0          0          0          0          0          0  IR-IO-APIC-fasteoi   ehci_hcd:usb2
  23:        113          0          0          0          0          0          0          0          0          0          0          0          0          0          0          0          0          0          0          0          0          0          0          0  IR-IO-APIC-fasteoi   ehci_hcd:usb1
  88:          0          0          0          0          0          0          0          0          0          0          0          0          0          0          0          0          0          0          0          0          0          0          0          0  DMAR_MSI-edge      dmar0
  89:          0          0          0          0          0          0          0          0          0          0          0          0          0          0          0          0          0          0          0          0          0          0          0          0  DMAR_MSI-edge      dmar1
  90:       8648          0          0          0          0          0          0          0          0          0          0          0          0          0          0          0          0          0          0          0          0          0          0          0  IR-HPET_MSI-edge      hpet2
  91:          0          0          0          0          0          0          0          0          0          0          0          0          0          0          0          0          0          0          0          0          0          0          0          0  IR-HPET_MSI-edge      hpet3
  92:          0          0          0          0          0          0          0          0          0          0          0          0          0          0          0          0          0          0          0          0          0          0          0          0  IR-HPET_MSI-edge      hpet4
  93:          0          0          0          0          0          0          0          0          0          0          0          0          0          0          0          0          0          0          0          0          0          0          0          0  IR-HPET_MSI-edge      hpet5
  94:          0          0          0          0          0          0          0          0          0          0          0          0          0          0          0          0          0          0          0          0          0          0          0          0  IR-HPET_MSI-edge      hpet6
 104:     617368          0          0          0          0          0          0          0          0          0          0          0          0          0          0          0          0          0          0          0          0          0          0          0  IR-PCI-MSI-edge      ahci
 105:    1297738          0          0          0          0          0          0          0          0          0          0          0          0          0          0          0          0          0          0          0          0          0          0          0  IR-PCI-MSI-edge      p6p1-TxRx-0
 106:    1297738          0          0          0          0          0          0          0          0          0          0          0          0          0          0          0          0          0          0          0          0          0          0          0  IR-PCI-MSI-edge      p6p1-TxRx-1
 107:    1297738          0          0          0          0          0          0          0          0          0          0          0          0          0          0          0          0          0          0          0          0          0          0          0  IR-PCI-MSI-edge      p6p1-TxRx-2
 108:    1297738          0          0          0          0          0          0          0          0          0          0          0          0          0          0          0          0          0          0          0          0          0          0          0  IR-PCI-MSI-edge      p6p1-TxRx-3
 109:    1297738          0          0          0          0          0          0          0          0          0          0          0          0          0          0          0          0          0          0          0          0          0          0          0  IR-PCI-MSI-edge      p6p1-TxRx-4
 110:    1297738          0          0          0          0          0          0          0          0          0          0          0          0          0          0          0          0          0          0          0          0          0          0          0  IR-PCI-MSI-edge      p6p1-TxRx-5
 111:    1297738          0          0          0          0          0          0          0          0          0          0          0          0          0          0          0          0          0          0          0          0          0          0          0  IR-PCI-MSI-edge      p6p1-TxRx-6
 112:    1297738          0          0          0          0          0          0          0          0          0          0          0          0          0          0          0          0          0          0          0          0          0          0          0  IR-PCI-MSI-edge      p6p1-TxRx-7
 113:    1297738          0          0          0          0          0          0          0          0          0          0          0          0          0          0          0          0          0          0          0          0          0          0          0  IR-PCI-MSI-edge      p6p1-TxRx-8
 114:    1297738          0          0          0          0          0          0          0          0          0          0          0          0          0          0          0          0          0          0          0          0          0          0          0  IR-PCI-MSI-edge      p6p1-TxRx-9
 115:    1384162          0          0          0          0          0          0          0          0          0          0          0          0          0          0          0          0          0          0          0          0          0          0          0  IR-PCI-MSI-edge      p6p1-TxRx-10
 116:    1297738          0          0          0          0          0          0          0          0          0          0          0          0          0          0          0          0          0          0          0          0          0          0          0  IR-PCI-MSI-edge      p6p1-TxRx-11
 117:    1297738          0          0          0          0          0          0          0          0          0          0          0          0          0          0          0          0          0          0          0          0          0          0          0  IR-PCI-MSI-edge      p6p1-TxRx-12
 118:    1297738          0          0          0          0          0          0          0          0          0          0          0          0          0          0          0          0          0          0          0          0          0          0          0  IR-PCI-MSI-edge      p6p1-TxRx-13
 119:    1297738          0          0          0          0          0          0          0          0          0          0          0          0          0          0          0          0          0          0          0          0          0          0          0  IR-PCI-MSI-edge      p6p1-TxRx-14
 120:    1297738          0          0          0          0          0          0          0          0          0          0          0          0          0          0          0          0          0          0          0          0          0          0          0  IR-PCI-MSI-edge      p6p1-TxRx-15
 121:    1297738          0          0          0          0          0          0          0          0          0          0          0          0          0          0          0          0          0          0          0          0          0          0          0  IR-PCI-MSI-edge      p6p1-TxRx-16
 122:    1297738          0          0          0          0          0          0          0          0          0          0          0          0          0          0          0          0          0          0          0          0          0          0          0  IR-PCI-MSI-edge      p6p1-TxRx-17
 123:    1297738          0          0          0          0          0          0          0          0          0          0          0          0          0          0          0          0          0          0          0          0          0          0          0  IR-PCI-MSI-edge      p6p1-TxRx-18
 124:    1297738          0          0          0          0          0          0          0          0          0          0          0          0          0          0          0          0          0          0          0          0          0          0          0  IR-PCI-MSI-edge      p6p1-TxRx-19
 125:    1297738          0          0          0          0          0          0          0          0          0          0          0          0          0          0          0          0          0          0          0          0          0          0          0  IR-PCI-MSI-edge      p6p1-TxRx-20
 126:    1297738          0          0          0          0          0          0          0          0          0          0          0          0          0          0          0          0          0          0          0          0          0          0          0  IR-PCI-MSI-edge      p6p1-TxRx-21
 127:    1297738          0          0          0          0          0          0          0          0          0          0          0          0          0          0          0          0          0          0          0          0          0          0          0  IR-PCI-MSI-edge      p6p1-TxRx-22
 128:    1297738          0          0          0          0          0          0          0          0          0          0          0          0          0          0          0          0          0          0          0          0          0          0          0  IR-PCI-MSI-edge      p6p1-TxRx-23
 129:         43          0          0          0          0          0          0          0          0          0          0          0          0          0          0          0          0          0          0          0          0          0          0          0  IR-PCI-MSI-edge      p6p1
 155:    4924327          0          0          0          0          0          0          0          0          0          0          0          0          0          0          0          0          0          0          0          0          0          0          0  IR-PCI-MSI-edge      em1-0
 156:    4639772          0          0          0          0          0          0          0          0          0          0          0          0          0          0          0          0          0          0          0          0          0          0          0  IR-PCI-MSI-edge      em1-1
 157:    1700952          0          0          0          0          0          0          0          0          0          0          0          0          0          0          0          0          0          0          0          0          0          0          0  IR-PCI-MSI-edge      em1-2
 158:     946567          0          0          0          0          0          0          0          0          0          0          0          0          0          0          0          0          0          0          0          0          0          0          0  IR-PCI-MSI-edge      em1-3
 159:     960554          0          0          0          0          0          0          0          0          0          0          0          0          0          0          0          0          0          0          0          0          0          0          0  IR-PCI-MSI-edge      em1-4
 160:          1          0          0          0          0          0          0          0          0          0          0          0          0          0          0          0          0          0          0          0          0          0          0          0  IR-PCI-MSI-edge      em2-0
 161:          1          0          0          0          0          0          0          0          0          0          0          0          0          0          0          0          0          0          0          0          0          0          0          0  IR-PCI-MSI-edge      em2-1
 162:          1          0          0          0          0          0          0          0          0          0          0          0          0          0          0          0          0          0          0          0          0          0          0          0  IR-PCI-MSI-edge      em2-2
 163:          1          0          0          0          0          0          0          0          0          0          0          0          0          0          0          0          0          0          0          0          0          0          0          0  IR-PCI-MSI-edge      em2-3
 164:          1          0          0          0          0          0          0          0          0          0          0          0          0          0          0          0          0          0          0          0          0          0          0          0  IR-PCI-MSI-edge      em2-4
 NMI:       2531       1860       1711       1313       1003       1225        875        852        859        851        868        903       1524       1305       9150       7889       1801       1890       1259       1323       1126       1192        909        965   Non-maskable interrupts
 LOC:   15817460   12986080   12943975    8102523    4146185    5170032    2527214    2713514    2544792    3494569    4232440    3875764   13675736   11965576   26759258   20284041    4971611    4789545    3193563    2961427    2617199    2761810    2361636    3307829   Local timer interrupts
 SPU:          0          0          0          0          0          0          0          0          0          0          0          0          0          0          0          0          0          0          0          0          0          0          0          0   Spurious interrupts
 PMI:       2531       1860       1711       1313       1003       1225        875        852        859        851        868        903       1524       1305       9150       7889       1801       1890       1259       1323       1126       1192        909        965   Performance monitoring interrupts
 IWI:          0          0          0          0          0          0          0          0          0          0          0          0          0          0          0          0          0          0          0          0          0          0          0          0   IRQ work interrupts
 RES:     102303      44800      70877     105297     123256     244420     215441     137753     151284     255571     244355     126660     110716      87494      17136      75665     174668     116240     199441      51445     335833     847718     169885     203438   Rescheduling interrupts
 CAL:        122     109676        222        225        225        224        225        226        226        226        223        224        189        226        207        225        225        225        225        226        224        225        224        225   Function call interrupts
 TLB:     345536     375383      15515      43965      13938     107795       1467      13579       1182       7622        758      24919      13557      25002     546978     545657      29439     100889       2995      16099       2282       7083       1923      11353   TLB shootdowns
 TRM:          0          0          0          0          0          0          0          0          0          0          0          0          0          0          0          0          0          0          0          0          0          0          0          0   Thermal event interrupts
 THR:          0          0          0          0          0          0          0          0          0          0          0          0          0          0          0          0          0          0          0          0          0          0          0          0   Threshold APIC interrupts
 MCE:          0          0          0          0          0          0          0          0          0          0          0          0          0          0          0          0          0          0          0          0          0          0          0          0   Machine check exceptions
 MCP:       8649       8649       8649       8649       8649       8649       8649       8649       8649       8649       8649       8649       8649       8649       8649       8649       8649       8649       8649       8649       8649       8649       8649       8649   Machine check polls
 ERR:          0
 MIS:          0
